                       

maze7x7 = ...
  [1 -50 1 -50 -50 1 -50;
   -50 1 1 -50 -50 -50 1;
   -50 -50 1 1 -50 -50 1;
   -50 1 -50 -50 1 -50 1;
   -50 1 1 -50 -50 -50 1;
   -50 1 1 -50 1 1 -50;
   -50 -50 1 1 -50 1 10];
                       

maze8x8 = ...
  [0 1 -50 -50 1 1 1 -50;
   -50 -50 1 1 -50 -50 -50 -50;
   -50 1 1 -50 1 1 1 1;
   -50 -50 -50 1 -50 -50 -50 1;
   1 -50 1 -50 -50 -50 -50 -50;
   1 1 -50 1 -50 1 1 -50;
   -50 -50 1 -50 1 -50 1 1;
   -50 1 -50 -50 1 1 -50 10];


